40.90483784675598 Test loss (%)
96.2168037891388 Test accuracy (%)

95.67917714671125 Kappa accuracy (%)
96.21680216802167 Overall accuracy (%)
83.7237076298711 Average accuracy (%)

                              precision    recall  f1-score   support

                     Alfalfa       0.96      0.61      0.75        41
                 Corn-notill       0.95      0.92      0.93      1285
                Corn-mintill       0.95      0.97      0.96       747
                        Corn       0.99      0.94      0.96       213
               Grass-pasture       0.98      0.96      0.97       435
                 Grass-trees       0.96      0.99      0.97       657
         Grass-pasture-mowed       1.00      0.48      0.65        25
               Hay-windrowed       0.99      1.00      1.00       430
                        Oats       1.00      0.22      0.36        18
              Soybean-notill       0.98      0.96      0.97       875
             Soybean-mintill       0.96      0.99      0.97      2210
               Soybean-clean       0.88      0.98      0.93       534
                       Wheat       1.00      1.00      1.00       185
                       Woods       0.99      1.00      1.00      1139
Buildings-Grass-Trees-Drives       0.97      0.95      0.96       347
          Stone-Steel-Towers       0.97      0.44      0.61        84

                    accuracy                           0.96      9225
                   macro avg       0.97      0.84      0.87      9225
                weighted avg       0.96      0.96      0.96      9225

[[  25    2    0    0    0   13    0    0    0    1    0    0    0    0
     0    0]
 [   1 1182   12    0    0    3    0    0    0    4   82    1    0    0
     0    0]
 [   0   22  725    0    0    0    0    0    0    0    0    0    0    0
     0    0]
 [   0    9    4  200    0    0    0    0    0    0    0    0    0    0
     0    0]
 [   0    0    8    0  418    1    0    2    0    1    1    1    0    2
     1    0]
 [   0    0    0    0    0  650    0    0    0    0    3    0    0    4
     0    0]
 [   0    0    0    0    8    5   12    0    0    0    0    0    0    0
     0    0]
 [   0    0    0    0    0    0    0  430    0    0    0    0    0    0
     0    0]
 [   0    0   14    0    0    0    0    0    4    0    0    0    0    0
     0    0]
 [   0    9    0    0    0    0    0    0    0  836    0   20    0    0
    10    0]
 [   0    6    0    0    0    8    0    2    0    6 2186    0    0    2
     0    0]
 [   0    4    4    2    0    0    0    0    0    2    0  521    0    0
     0    1]
 [   0    0    0    0    0    0    0    0    0    0    0    0  185    0
     0    0]
 [   0    0    0    0    0    0    0    0    0    0    2    0    0 1137
     0    0]
 [   0   15    0    0    0    0    0    0    0    1    1    2    0    0
   328    0]
 [   0    0    0    0    0    0    0    0    0    0    0   47    0    0
     0   37]]