33.116307854652405 Test loss (%)
99.4341492652893 Test accuracy (%)

99.35461489539702 Kappa accuracy (%)
99.43414634146342 Overall accuracy (%)
99.00111694454601 Average accuracy (%)

                              precision    recall  f1-score   support

                     Alfalfa       1.00      0.91      0.95        23
                 Corn-notill       0.99      0.99      0.99       714
                Corn-mintill       0.99      1.00      1.00       415
                        Corn       1.00      0.99      1.00       118
               Grass-pasture       0.99      1.00      0.99       242
                 Grass-trees       1.00      0.98      0.99       365
         Grass-pasture-mowed       1.00      1.00      1.00        14
               Hay-windrowed       1.00      1.00      1.00       239
                        Oats       0.91      1.00      0.95        10
              Soybean-notill       1.00      1.00      1.00       486
             Soybean-mintill       0.99      1.00      0.99      1228
               Soybean-clean       1.00      0.99      0.99       297
                       Wheat       1.00      1.00      1.00       102
                       Woods       1.00      0.99      1.00       633
Buildings-Grass-Trees-Drives       1.00      0.98      0.99       193
          Stone-Steel-Towers       0.96      1.00      0.98        46

                    accuracy                           0.99      5125
                   macro avg       0.99      0.99      0.99      5125
                weighted avg       0.99      0.99      0.99      5125

[[  21    2    0    0    0    0    0    0    0    0    0    0    0    0
     0    0]
 [   0  709    0    0    0    0    0    0    0    0    5    0    0    0
     0    0]
 [   0    0  414    0    0    0    0    0    1    0    0    0    0    0
     0    0]
 [   0    0    1  117    0    0    0    0    0    0    0    0    0    0
     0    0]
 [   0    0    1    0  241    0    0    0    0    0    0    0    0    0
     0    0]
 [   0    5    0    0    0  359    0    0    0    0    1    0    0    0
     0    0]
 [   0    0    0    0    0    0   14    0    0    0    0    0    0    0
     0    0]
 [   0    0    0    0    0    0    0  239    0    0    0    0    0    0
     0    0]
 [   0    0    0    0    0    0    0    0   10    0    0    0    0    0
     0    0]
 [   0    0    0    0    0    0    0    0    0  486    0    0    0    0
     0    0]
 [   0    3    0    0    0    0    0    0    0    0 1225    0    0    0
     0    0]
 [   0    0    1    0    0    0    0    0    0    0    0  294    0    0
     0    2]
 [   0    0    0    0    0    0    0    0    0    0    0    0  102    0
     0    0]
 [   0    0    0    0    2    0    0    0    0    0    2    0    0  629
     0    0]
 [   0    0    0    0    0    0    0    0    0    0    3    0    0    0
   190    0]
 [   0    0    0    0    0    0    0    0    0    0    0    0    0    0
     0   46]]