26.314133405685425 Test loss (%)
99.72125291824341 Test accuracy (%)

99.68221990940323 Kappa accuracy (%)
99.7212543554007 Overall accuracy (%)
99.236085209303 Average accuracy (%)

                              precision    recall  f1-score   support

                     Alfalfa       1.00      1.00      1.00        32
                 Corn-notill       1.00      0.99      0.99      1000
                Corn-mintill       1.00      1.00      1.00       581
                        Corn       1.00      1.00      1.00       166
               Grass-pasture       1.00      1.00      1.00       338
                 Grass-trees       0.99      1.00      1.00       511
         Grass-pasture-mowed       1.00      1.00      1.00        20
               Hay-windrowed       1.00      1.00      1.00       335
                        Oats       0.93      0.93      0.93        14
              Soybean-notill       1.00      0.99      1.00       680
             Soybean-mintill       1.00      1.00      1.00      1719
               Soybean-clean       1.00      1.00      1.00       415
                       Wheat       1.00      1.00      1.00       143
                       Woods       1.00      1.00      1.00       886
Buildings-Grass-Trees-Drives       0.99      1.00      1.00       270
          Stone-Steel-Towers       0.98      0.97      0.98        65

                    accuracy                           1.00      7175
                   macro avg       0.99      0.99      0.99      7175
                weighted avg       1.00      1.00      1.00      7175

[[  32    0    0    0    0    0    0    0    0    0    0    0    0    0
     0    0]
 [   0  993    1    0    0    1    0    0    0    0    3    0    0    0
     2    0]
 [   0    0  581    0    0    0    0    0    0    0    0    0    0    0
     0    0]
 [   0    0    0  166    0    0    0    0    0    0    0    0    0    0
     0    0]
 [   0    0    0    0  338    0    0    0    0    0    0    0    0    0
     0    0]
 [   0    0    0    0    0  511    0    0    0    0    0    0    0    0
     0    0]
 [   0    0    0    0    0    0   20    0    0    0    0    0    0    0
     0    0]
 [   0    0    0    0    0    0    0  335    0    0    0    0    0    0
     0    0]
 [   0    0    1    0    0    0    0    0   13    0    0    0    0    0
     0    0]
 [   0    3    0    0    0    0    0    0    0  676    0    0    0    1
     0    0]
 [   0    1    0    0    0    3    0    0    0    0 1715    0    0    0
     0    0]
 [   0    0    0    0    0    0    0    0    1    0    0  413    0    0
     0    1]
 [   0    0    0    0    0    0    0    0    0    0    0    0  143    0
     0    0]
 [   0    0    0    0    0    0    0    0    0    0    0    0    0  886
     0    0]
 [   0    0    0    0    0    0    0    0    0    0    0    0    0    0
   270    0]
 [   0    0    0    0    0    0    0    0    0    0    0    2    0    0
     0   63]]