25.372597575187683 Test loss (%)
99.96097683906555 Test accuracy (%)

99.95550604065185 Kappa accuracy (%)
99.9609756097561 Overall accuracy (%)
99.97020272755567 Average accuracy (%)

                              precision    recall  f1-score   support

                     Alfalfa       1.00      1.00      1.00        23
                 Corn-notill       1.00      1.00      1.00       714
                Corn-mintill       1.00      1.00      1.00       415
                        Corn       1.00      1.00      1.00       118
               Grass-pasture       1.00      1.00      1.00       242
                 Grass-trees       1.00      1.00      1.00       365
         Grass-pasture-mowed       1.00      1.00      1.00        14
               Hay-windrowed       1.00      1.00      1.00       239
                        Oats       1.00      1.00      1.00        10
              Soybean-notill       1.00      1.00      1.00       486
             Soybean-mintill       1.00      1.00      1.00      1228
               Soybean-clean       1.00      1.00      1.00       297
                       Wheat       1.00      1.00      1.00       102
                       Woods       1.00      1.00      1.00       633
Buildings-Grass-Trees-Drives       1.00      1.00      1.00       193
          Stone-Steel-Towers       0.98      1.00      0.99        46

                    accuracy                           1.00      5125
                   macro avg       1.00      1.00      1.00      5125
                weighted avg       1.00      1.00      1.00      5125

[[  23    0    0    0    0    0    0    0    0    0    0    0    0    0
     0    0]
 [   0  713    0    0    0    0    0    0    0    0    1    0    0    0
     0    0]
 [   0    0  415    0    0    0    0    0    0    0    0    0    0    0
     0    0]
 [   0    0    0  118    0    0    0    0    0    0    0    0    0    0
     0    0]
 [   0    0    0    0  242    0    0    0    0    0    0    0    0    0
     0    0]
 [   0    0    0    0    0  365    0    0    0    0    0    0    0    0
     0    0]
 [   0    0    0    0    0    0   14    0    0    0    0    0    0    0
     0    0]
 [   0    0    0    0    0    0    0  239    0    0    0    0    0    0
     0    0]
 [   0    0    0    0    0    0    0    0   10    0    0    0    0    0
     0    0]
 [   0    0    0    0    0    0    0    0    0  486    0    0    0    0
     0    0]
 [   0    0    0    0    0    0    0    0    0    0 1228    0    0    0
     0    0]
 [   0    0    0    0    0    0    0    0    0    0    0  296    0    0
     0    1]
 [   0    0    0    0    0    0    0    0    0    0    0    0  102    0
     0    0]
 [   0    0    0    0    0    0    0    0    0    0    0    0    0  633
     0    0]
 [   0    0    0    0    0    0    0    0    0    0    0    0    0    0
   193    0]
 [   0    0    0    0    0    0    0    0    0    0    0    0    0    0
     0   46]]