25.7949560880661 Test loss (%)
99.83739852905273 Test accuracy (%)

99.8146266337761 Kappa accuracy (%)
99.83739837398375 Overall accuracy (%)
99.26949038589147 Average accuracy (%)

                              precision    recall  f1-score   support

                     Alfalfa       1.00      1.00      1.00        27
                 Corn-notill       1.00      1.00      1.00       857
                Corn-mintill       1.00      0.99      1.00       498
                        Corn       0.99      1.00      0.99       142
               Grass-pasture       1.00      1.00      1.00       290
                 Grass-trees       1.00      1.00      1.00       438
         Grass-pasture-mowed       1.00      1.00      1.00        17
               Hay-windrowed       1.00      1.00      1.00       287
                        Oats       1.00      0.92      0.96        12
              Soybean-notill       1.00      1.00      1.00       583
             Soybean-mintill       1.00      1.00      1.00      1473
               Soybean-clean       0.99      0.99      0.99       356
                       Wheat       1.00      1.00      1.00       123
                       Woods       1.00      1.00      1.00       759
Buildings-Grass-Trees-Drives       1.00      1.00      1.00       232
          Stone-Steel-Towers       0.96      0.98      0.97        56

                    accuracy                           1.00      6150
                   macro avg       1.00      0.99      0.99      6150
                weighted avg       1.00      1.00      1.00      6150

[[  27    0    0    0    0    0    0    0    0    0    0    0    0    0
     0    0]
 [   0  855    0    0    0    0    0    0    0    0    1    0    0    0
     1    0]
 [   0    0  495    2    0    0    0    0    0    0    0    1    0    0
     0    0]
 [   0    0    0  142    0    0    0    0    0    0    0    0    0    0
     0    0]
 [   0    0    0    0  290    0    0    0    0    0    0    0    0    0
     0    0]
 [   0    0    0    0    0  438    0    0    0    0    0    0    0    0
     0    0]
 [   0    0    0    0    0    0   17    0    0    0    0    0    0    0
     0    0]
 [   0    0    0    0    0    0    0  287    0    0    0    0    0    0
     0    0]
 [   0    0    1    0    0    0    0    0   11    0    0    0    0    0
     0    0]
 [   0    1    0    0    0    0    0    0    0  582    0    0    0    0
     0    0]
 [   0    0    0    0    0    0    0    0    0    0 1473    0    0    0
     0    0]
 [   0    0    0    0    0    0    0    0    0    0    0  354    0    0
     0    2]
 [   0    0    0    0    0    0    0    0    0    0    0    0  123    0
     0    0]
 [   0    0    0    0    0    0    0    0    0    0    0    0    0  759
     0    0]
 [   0    0    0    0    0    0    0    0    0    0    0    0    0    0
   232    0]
 [   0    0    0    0    0    0    0    0    0    0    0    1    0    0
     0   55]]