29.677283763885498 Test loss (%)
98.90244007110596 Test accuracy (%)

98.74796538012306 Kappa accuracy (%)
98.90243902439025 Overall accuracy (%)
98.54074745624169 Average accuracy (%)

                              precision    recall  f1-score   support

                     Alfalfa       1.00      1.00      1.00        37
                 Corn-notill       1.00      0.96      0.98      1143
                Corn-mintill       1.00      0.98      0.99       664
                        Corn       0.96      1.00      0.98       190
               Grass-pasture       0.99      0.99      0.99       386
                 Grass-trees       1.00      0.99      1.00       584
         Grass-pasture-mowed       1.00      0.91      0.95        22
               Hay-windrowed       0.99      1.00      1.00       382
                        Oats       1.00      1.00      1.00        16
              Soybean-notill       1.00      0.99      1.00       778
             Soybean-mintill       0.97      1.00      0.99      1964
               Soybean-clean       0.99      0.98      0.99       475
                       Wheat       0.99      1.00      0.99       164
                       Woods       1.00      1.00      1.00      1012
Buildings-Grass-Trees-Drives       0.98      1.00      0.99       309
          Stone-Steel-Towers       0.90      0.96      0.93        74

                    accuracy                           0.99      8200
                   macro avg       0.99      0.99      0.99      8200
                weighted avg       0.99      0.99      0.99      8200

[[  37    0    0    0    0    0    0    0    0    0    0    0    0    0
     0    0]
 [   0 1092    0    0    0    1    0    0    0    0   44    0    0    0
     6    0]
 [   0    0  654    8    1    0    0    0    0    0    0    0    0    0
     1    0]
 [   0    0    0  190    0    0    0    0    0    0    0    0    0    0
     0    0]
 [   0    0    0    0  383    0    0    1    0    0    0    0    2    0
     0    0]
 [   0    0    0    0    0  581    0    0    0    0    3    0    0    0
     0    0]
 [   0    0    0    0    2    0   20    0    0    0    0    0    0    0
     0    0]
 [   0    0    0    0    0    0    0  382    0    0    0    0    0    0
     0    0]
 [   0    0    0    0    0    0    0    0   16    0    0    0    0    0
     0    0]
 [   0    1    0    0    0    0    0    0    0  771    6    0    0    0
     0    0]
 [   0    0    0    0    0    1    0    0    0    0 1963    0    0    0
     0    0]
 [   0    0    1    0    0    0    0    0    0    0    0  466    0    0
     0    8]
 [   0    0    0    0    0    0    0    0    0    0    0    0  164    0
     0    0]
 [   0    0    0    0    0    0    0    1    0    0    0    0    0 1011
     0    0]
 [   0    0    0    0    0    0    0    0    0    0    0    0    0    0
   309    0]
 [   0    0    0    0    0    0    0    0    0    0    0    3    0    0
     0   71]]