25.305798649787903 Test loss (%)
99.97560977935791 Test accuracy (%)

99.97219356991903 Kappa accuracy (%)
99.97560975609755 Overall accuracy (%)
99.98905429071804 Average accuracy (%)

                              precision    recall  f1-score   support

                     Alfalfa       1.00      1.00      1.00        19
                 Corn-notill       1.00      1.00      1.00       571
                Corn-mintill       1.00      1.00      1.00       332
                        Corn       1.00      1.00      1.00        95
               Grass-pasture       1.00      1.00      1.00       193
                 Grass-trees       1.00      1.00      1.00       292
         Grass-pasture-mowed       1.00      1.00      1.00        11
               Hay-windrowed       1.00      1.00      1.00       191
                        Oats       1.00      1.00      1.00         8
              Soybean-notill       1.00      1.00      1.00       389
             Soybean-mintill       1.00      1.00      1.00       982
               Soybean-clean       1.00      1.00      1.00       237
                       Wheat       1.00      1.00      1.00        82
                       Woods       1.00      1.00      1.00       506
Buildings-Grass-Trees-Drives       1.00      1.00      1.00       155
          Stone-Steel-Towers       1.00      1.00      1.00        37

                    accuracy                           1.00      4100
                   macro avg       1.00      1.00      1.00      4100
                weighted avg       1.00      1.00      1.00      4100

[[ 19   0   0   0   0   0   0   0   0   0   0   0   0   0   0   0]
 [  0 570   0   0   0   0   0   0   0   0   1   0   0   0   0   0]
 [  0   0 332   0   0   0   0   0   0   0   0   0   0   0   0   0]
 [  0   0   0  95   0   0   0   0   0   0   0   0   0   0   0   0]
 [  0   0   0   0 193   0   0   0   0   0   0   0   0   0   0   0]
 [  0   0   0   0   0 292   0   0   0   0   0   0   0   0   0   0]
 [  0   0   0   0   0   0  11   0   0   0   0   0   0   0   0   0]
 [  0   0   0   0   0   0   0 191   0   0   0   0   0   0   0   0]
 [  0   0   0   0   0   0   0   0   8   0   0   0   0   0   0   0]
 [  0   0   0   0   0   0   0   0   0 389   0   0   0   0   0   0]
 [  0   0   0   0   0   0   0   0   0   0 982   0   0   0   0   0]
 [  0   0   0   0   0   0   0   0   0   0   0 237   0   0   0   0]
 [  0   0   0   0   0   0   0   0   0   0   0   0  82   0   0   0]
 [  0   0   0   0   0   0   0   0   0   0   0   0   0 506   0   0]
 [  0   0   0   0   0   0   0   0   0   0   0   0   0   0 155   0]
 [  0   0   0   0   0   0   0   0   0   0   0   0   0   0   0  37]]