28.230267763137817 Test loss (%)
99.78536367416382 Test accuracy (%)

99.75528446645198 Kappa accuracy (%)
99.78536585365853 Overall accuracy (%)
99.6116958923769 Average accuracy (%)

                              precision    recall  f1-score   support

                     Alfalfa       1.00      0.96      0.98        23
                 Corn-notill       1.00      1.00      1.00       714
                Corn-mintill       1.00      0.99      1.00       415
                        Corn       1.00      1.00      1.00       118
               Grass-pasture       1.00      1.00      1.00       242
                 Grass-trees       1.00      1.00      1.00       365
         Grass-pasture-mowed       1.00      1.00      1.00        14
               Hay-windrowed       1.00      1.00      1.00       239
                        Oats       0.71      1.00      0.83        10
              Soybean-notill       1.00      1.00      1.00       486
             Soybean-mintill       1.00      1.00      1.00      1228
               Soybean-clean       1.00      1.00      1.00       297
                       Wheat       1.00      1.00      1.00       102
                       Woods       1.00      1.00      1.00       633
Buildings-Grass-Trees-Drives       0.99      1.00      1.00       193
          Stone-Steel-Towers       1.00      1.00      1.00        46

                    accuracy                           1.00      5125
                   macro avg       0.98      1.00      0.99      5125
                weighted avg       1.00      1.00      1.00      5125

[[  22    1    0    0    0    0    0    0    0    0    0    0    0    0
     0    0]
 [   0  713    0    0    0    0    0    0    0    0    1    0    0    0
     0    0]
 [   0    0  411    0    0    0    0    0    4    0    0    0    0    0
     0    0]
 [   0    0    0  118    0    0    0    0    0    0    0    0    0    0
     0    0]
 [   0    0    0    0  242    0    0    0    0    0    0    0    0    0
     0    0]
 [   0    0    0    0    0  365    0    0    0    0    0    0    0    0
     0    0]
 [   0    0    0    0    0    0   14    0    0    0    0    0    0    0
     0    0]
 [   0    0    0    0    0    0    0  239    0    0    0    0    0    0
     0    0]
 [   0    0    0    0    0    0    0    0   10    0    0    0    0    0
     0    0]
 [   0    0    0    0    0    0    0    0    0  485    0    1    0    0
     0    0]
 [   0    0    0    0    0    0    0    0    0    0 1227    0    0    0
     1    0]
 [   0    0    0    0    0    0    0    0    0    0    0  297    0    0
     0    0]
 [   0    0    0    0    0    0    0    0    0    0    0    0  102    0
     0    0]
 [   0    0    0    0    0    0    0    0    0    0    3    0    0  630
     0    0]
 [   0    0    0    0    0    0    0    0    0    0    0    0    0    0
   193    0]
 [   0    0    0    0    0    0    0    0    0    0    0    0    0    0
     0   46]]